AfsharMahnaz.txt:0.0543478260869565
alimotahari_ir.txt:-0.0263157894736842
azarijahromi.txt:0.16
BBCBastani.txt:0.032258064516129
BehnoudMasoud.txt:0.06
Eshaq_jahangiri.txt:-0.0315789473684211
HaddadAdel_ir.txt:0.13
hesamodin1.txt:0.03
ir_aref.txt:0.09
ir_rezaee.txt:-0.171875
IsraelPersian.txt:0
Jedaaal.txt:-0.01
Khamenei_fa.txt:-0.16
mah_sadeghi.txt:0.16
MohajeraniSayed.txt:0.04
mostafatajzade.txt:-0.23
Rouhani_ir.txt:-0.21
t_alidoosti.txt:0.2
USAdarFarsi.txt:-0.4
